16 -1 4 1 1 2 0 0 0 0 1 1 1 1 1 5 3 3 1 2 5 0 14 13 1 0 0 1 1 0 0 1 0 1 0 0 1 0 0 0 0 0 0 0 0 0 0 1 1 13
16 -1 1 1 1 2 0 0 1 0 0 0 1 0 1 5 4 3 2 1 2 0 13 14 0 1 0 1 1 0 1 0 1 0 0 1 0 0 0 0 0 0 0 0 0 0 0 0 1 15
15 -1 1 2 2 1 0 0 0 0 0 1 1 0 0 5 1 2 1 1 1 3 11 13 0 1 0 1 0 1 1 0 0 1 0 1 0 0 0 0 0 0 0 0 1 0 0 1 0 13
17 -1 4 2 1 3 0 0 1 0 1 1 1 1 0 4 3 4 1 3 5 2 11 12 1 0 0 1 0 1 1 0 0 1 0 1 0 0 0 0 0 0 0 0 0 0 0 1 1 14
16 -1 4 3 1 2 0 0 1 0 1 1 1 1 0 4 3 5 1 5 2 2 14 14 1 0 0 1 1 0 1 0 0 1 0 0 1 0 0 0 0 1 0 0 0 0 0 0 1 15
16 -1 4 3 1 3 0 1 1 0 1 1 1 1 0 3 4 4 2 4 4 0 14 13 1 0 0 1 1 0 1 0 0 1 0 0 1 0 0 0 0 0 1 0 0 1 0 0 0 13
18 -1 4 4 2 2 0 1 0 0 0 1 1 0 0 4 3 4 1 1 3 4 0 11 1 0 0 1 1 0 0 1 0 1 0 1 0 0 0 0 0 0 0 0 0 0 1 0 0 11
17 -1 3 3 1 2 0 0 1 0 1 1 1 1 1 5 3 3 2 3 1 32 14 13 1 0 0 1 1 0 1 0 0 1 0 0 0 1 0 0 0 0 0 0 0 0 0 1 1 14
16 -1 1 2 1 3 0 1 1 0 0 0 1 1 1 4 3 4 1 1 3 5 13 14 0 1 0 1 0 1 1 0 1 0 0 0 1 0 0 0 0 0 0 0 0 0 0 1 1 13
17 -1 1 1 1 3 0 0 1 0 1 1 1 0 1 4 3 4 1 1 5 12 12 12 1 0 0 1 1 0 1 0 0 1 0 0 0 1 0 0 0 0 0 0 0 0 0 0 1 12
16 -1 1 2 1 1 0 0 0 0 0 1 1 0 0 4 4 4 2 4 5 4 9 10 0 1 1 0 0 1 1 0 0 1 0 1 0 0 0 0 0 0 0 0 0 0 0 1 0 11
17 -1 3 1 2 3 0 0 1 1 0 1 0 0 0 4 2 3 2 2 3 5 8 7 0 1 0 1 0 1 0 1 0 0 1 1 0 0 0 0 0 0 0 0 0 0 0 1 0 8
16 -1 2 4 2 2 0 0 1 0 1 1 1 1 1 4 2 2 1 2 5 2 14 12 1 0 0 1 1 0 1 0 1 0 0 1 0 0 0 0 0 0 1 0 0 0 0 1 0 13
16 -1 1 1 2 2 3 1 1 0 0 1 1 0 0 3 4 3 1 1 1 0 7 7 0 1 0 1 0 1 1 0 1 0 0 1 0 0 0 0 0 0 0 0 0 0 0 0 1 8
17 -1 2 2 3 4 1 0 1 0 0 1 1 0 0 1 3 5 3 5 3 2 10 8 0 1 1 0 0 1 1 0 0 1 0 0 0 0 1 0 0 0 0 1 1 0 0 0 0 9
19 -1 4 2 2 2 0 0 1 0 1 1 1 1 1 5 4 4 1 1 1 9 11 10 1 0 1 0 1 0 1 0 0 1 0 1 0 0 0 0 0 1 0 0 0 0 0 0 1 10
18 -1 3 3 2 2 0 0 1 0 0 1 1 1 1 4 3 2 1 3 3 6 13 12 0 1 0 1 1 0 1 0 0 1 0 0 0 0 1 0 0 0 0 1 1 0 0 0 0 13
18 -1 2 2 4 2 0 0 0 0 1 1 1 0 1 4 2 5 1 1 2 2 10 9 1 0 0 1 1 0 1 0 0 1 0 1 0 0 0 0 0 0 0 0 0 0 0 0 1 10
18 -1 3 2 1 3 0 0 1 0 0 1 1 1 1 4 3 4 1 2 2 5 14 17 1 0 0 1 1 0 1 0 1 0 0 0 0 1 0 0 0 0 0 0 0 0 0 0 1 17
18 -1 3 4 1 2 0 0 0 0 1 1 1 1 1 4 3 3 1 3 5 6 16 16 1 0 1 0 1 0 1 0 0 1 0 0 1 0 0 0 0 0 0 1 0 0 0 0 1 17
16 -1 2 2 3 2 0 0 1 0 1 1 1 1 0 5 3 4 1 1 2 1 14 13 0 1 0 1 0 1 1 0 1 0 0 1 0 0 0 0 0 0 0 0 1 0 0 1 0 14
16 -1 2 2 2 2 0 0 1 0 1 0 1 1 1 3 3 3 1 2 3 16 11 11 1 0 0 1 1 0 1 0 0 1 0 0 1 0 0 0 0 0 0 0 0 0 0 1 1 10
17 -1 2 2 1 1 0 0 1 1 0 1 1 1 0 5 1 3 1 2 5 5 9 9 0 1 0 1 0 1 1 0 0 1 0 0 0 0 1 0 0 0 0 0 0 0 0 0 1 9
17 -1 2 2 2 2 0 1 0 1 0 1 1 0 0 5 1 3 1 1 5 0 11 9 0 1 0 1 0 1 1 0 0 1 0 0 0 0 1 0 0 0 0 0 0 0 0 1 1 11
16 -1 2 1 1 2 0 0 0 0 1 1 1 1 1 4 2 3 1 2 5 0 13 14 1 0 1 0 1 0 1 0 0 1 0 1 0 0 0 0 0 0 0 0 0 0 0 1 1 16
18 -1 1 2 2 2 0 0 0 0 0 1 1 1 0 4 4 3 1 2 4 0 12 13 0 1 0 1 1 0 0 1 0 1 0 0 0 1 0 0 0 0 0 0 0 0 0 0 1 14
17 -1 2 2 1 2 0 0 1 0 0 1 1 0 1 4 2 2 1 1 3 4 14 13 1 0 0 1 1 0 1 0 0 1 0 1 0 0 0 0 0 0 0 0 0 0 0 1 1 13
18 -1 2 2 2 3 0 0 0 0 0 1 1 0 0 5 3 3 1 3 4 0 14 17 0 1 0 1 0 1 1 0 0 1 0 0 0 0 1 0 0 0 0 0 0 0 0 0 1 15
15 -1 3 4 1 1 0 1 0 0 0 1 1 1 0 5 5 5 3 2 5 2 9 9 1 0 1 0 1 0 1 0 1 0 0 0 1 0 0 0 0 0 0 1 1 0 0 0 0 9
18 -1 4 4 2 2 0 0 0 0 1 1 1 1 0 4 3 4 2 2 4 8 10 11 1 0 0 1 0 1 1 0 0 1 0 0 0 1 0 0 0 0 0 0 0 1 0 0 1 12
15 -1 1 2 1 2 0 1 1 0 1 1 1 1 0 4 3 2 1 1 5 0 14 13 1 0 1 0 1 0 1 0 1 0 0 0 1 0 0 0 0 0 0 0 0 0 0 1 0 14
16 -1 2 3 2 3 0 0 1 0 0 0 1 1 1 3 2 3 2 2 1 4 13 12 1 0 1 0 1 0 1 0 0 1 0 1 0 0 0 0 0 0 0 0 0 0 0 1 1 13
18 -1 1 1 1 2 1 0 1 0 0 1 1 1 1 4 3 2 1 1 5 9 7 7 0 1 0 1 0 1 1 0 0 1 0 0 0 0 1 0 0 0 0 0 0 0 0 0 1 7
16 -1 2 2 1 2 0 0 0 0 0 1 1 1 0 4 4 4 1 1 3 0 13 12 1 0 1 0 1 0 1 0 0 1 0 0 1 0 0 0 0 0 0 0 0 0 0 1 1 13
21 -1 1 1 2 2 2 0 1 0 1 1 0 1 1 5 3 3 5 2 4 21 9 10 1 0 1 0 0 1 1 0 0 0 1 1 0 0 0 0 0 0 0 0 0 0 0 0 1 10
17 -1 2 1 1 1 0 0 0 0 0 0 1 1 0 4 4 2 2 4 5 0 12 12 1 0 1 0 0 1 1 0 0 1 0 1 0 0 0 0 0 0 0 0 0 0 0 1 1 13
18 -1 4 4 1 2 0 0 1 1 0 1 1 1 1 4 2 4 1 1 4 0 14 15 1 0 0 1 1 0 0 1 0 1 0 0 1 0 0 0 0 1 0 0 0 0 0 0 1 15
17 -1 1 1 1 3 0 0 1 0 1 1 1 1 1 4 3 2 1 2 4 10 11 10 1 0 0 1 1 0 1 0 0 1 0 1 0 0 0 0 0 0 0 0 0 0 0 0 0 10
18 -1 4 4 2 2 0 0 0 0 1 0 1 1 0 4 3 5 1 2 1 0 18 18 0 1 0 1 1 0 1 0 0 1 0 0 0 1 0 0 0 0 0 0 0 1 1 0 0 18
15 -1 4 3 1 2 0 1 0 0 1 1 1 1 1 4 4 4 2 4 2 0 13 12 1 0 0 1 1 0 1 0 1 0 0 0 0 1 0 0 0 0 0 1 1 0 0 0 0 12
19 -1 3 3 1 2 0 0 1 0 1 1 1 1 0 4 3 5 3 3 5 16 11 12 1 0 0 1 1 0 1 0 0 0 1 0 1 0 0 0 0 0 0 0 1 0 0 1 0 12
18 -1 4 2 2 1 1 0 0 1 0 1 1 0 0 5 4 3 4 3 3 0 7 7 0 1 1 0 0 1 1 0 1 0 0 0 1 0 0 0 0 0 0 0 0 0 0 1 1 0
16 -1 1 1 2 1 0 0 1 0 1 1 1 0 1 3 3 3 1 2 1 8 12 11 1 0 0 1 0 1 1 0 0 1 0 0 0 1 0 0 0 0 0 0 1 0 0 1 0 11
18 -1 3 4 1 1 0 0 1 0 1 1 1 1 1 5 4 4 1 1 1 4 11 12 1 0 0 1 1 0 1 0 0 1 0 1 0 0 0 0 0 0 0 0 0 0 0 1 1 14
17 -1 4 4 2 1 0 0 0 0 0 1 1 1 0 4 1 1 2 2 5 0 12 13 1 0 1 0 1 0 1 0 1 0 0 0 1 0 0 0 0 0 0 0 0 0 1 1 0 13
16 -1 2 2 3 1 0 0 0 0 0 0 1 0 0 4 2 2 1 2 3 4 12 10 1 0 1 0 0 1 1 0 0 1 0 1 0 0 0 0 0 0 0 0 0 0 0 0 1 11
18 -1 3 3 1 2 0 0 1 0 0 1 1 1 0 3 2 4 2 4 4 10 10 10 1 0 1 0 1 0 1 0 1 0 0 0 1 0 0 0 0 0 1 1 0 0 0 0 0 10
17 -1 3 2 2 2 0 0 0 0 0 1 1 0 1 1 2 3 1 2 5 0 15 14 0 1 0 1 1 0 0 1 0 1 0 0 0 1 0 0 0 0 0 1 0 0 0 0 1 15
16 -1 4 4 1 1 0 0 0 0 1 0 1 1 0 5 3 4 1 2 1 4 12 13 1 0 0 1 1 0 1 0 0 1 0 0 0 1 0 0 0 0 0 0 0 0 0 1 1 13
15 -1 2 2 3 1 0 0 0 0 0 1 1 0 0 4 3 3 1 2 4 1 13 12 0 1 1 0 1 0 1 0 0 1 0 0 0 1 0 0 0 1 0 0 0 0 0 0 1 13
16 -1 2 2 1 2 0 0 0 0 0 0 1 0 1 3 3 2 1 1 3 2 8 10 0 1 0 1 0 1 0 1 0 1 0 1 0 0 0 0 0 1 0 0 0 0 0 0 1 10
18 -1 3 3 2 1 1 0 0 0 0 1 0 1 0 4 1 1 1 1 3 14 8 7 1 0 0 1 1 0 1 0 0 1 0 1 0 0 0 0 0 0 0 0 0 0 0 1 1 7
19 -1 3 2 1 2 1 1 1 0 0 1 0 1 0 3 3 3 4 3 3 0 9 8 1 0 0 1 0 1 1 0 1 0 0 0 0 1 0 0 0 0 0 1 1 0 0 0 0 10
17 -1 2 2 1 3 0 0 1 0 1 1 1 1 0 4 3 3 1 1 4 0 12 12 1 0 0 1 1 0 1 0 0 1 0 1 0 0 0 0 0 0 0 0 0 0 0 0 0 13
17 -1 2 2 1 4 0 0 0 0 1 1 1 1 1 3 4 1 1 1 2 2 10 11 1 0 0 1 1 0 1 0 1 0 0 1 0 0 0 0 0 0 0 1 1 0 0 0 0 12
16 -1 3 1 1 2 0 0 1 0 0 1 1 1 0 2 3 3 2 2 4 2 11 11 1 0 0 1 1 0 0 1 0 1 0 1 0 0 0 0 0 0 0 1 0 0 0 0 1 12
18 -1 2 2 2 2 0 0 1 0 0 1 1 1 0 4 1 4 1 3 4 10 14 17 1 0 0 1 1 0 0 1 0 1 0 0 0 1 0 0 0 0 0 1 0 0 0 0 1 17
17 -1 4 3 1 3 0 0 1 0 1 1 1 1 1 4 4 3 1 3 4 0 11 12 1 0 0 1 1 0 1 0 0 1 0 0 0 1 0 0 0 1 0 0 0 0 0 0 1 13
15 -1 3 4 2 3 0 0 1 0 0 1 1 1 1 4 2 2 2 2 5 0 10 11 1 0 0 1 0 1 1 0 1 0 0 1 0 0 0 0 0 0 0 1 0 0 1 0 0 12
17 -1 4 4 2 2 0 1 1 0 0 1 1 0 0 4 1 4 1 1 1 2 10 13 1 0 0 1 1 0 0 1 0 1 0 0 1 0 0 0 0 0 0 0 0 0 1 1 0 13
16 -1 2 3 3 2 0 0 1 0 0 1 1 1 0 4 5 4 1 2 1 2 15 15 0 1 0 1 0 1 1 0 0 1 0 1 0 0 0 0 0 0 0 0 1 0 0 1 0 15
16 -1 3 1 1 4 0 1 1 0 0 1 1 1 0 4 3 3 1 2 5 0 10 9 1 0 0 1 1 0 1 0 0 1 0 1 0 0 0 0 0 0 0 1 0 0 0 0 1 10
15 -1 2 2 1 3 0 0 1 0 0 1 1 1 1 4 5 2 1 1 3 0 14 14 1 0 1 0 1 0 0 1 0 0 1 0 1 0 0 0 0 0 0 0 0 0 0 1 1 15
17 -1 3 3 1 1 0 0 1 1 1 1 1 1 0 4 2 5 2 5 5 2 11 12 1 0 0 1 1 0 1 0 0 1 0 1 0 0 0 0 0 0 0 0 0 0 0 0 1 11
16 -1 2 3 1 2 0 1 0 0 0 1 1 1 0 2 3 1 1 1 3 0 13 13 1 0 0 1 1 0 1 0 0 1 0 0 0 0 1 0 0 0 0 1 0 0 1 0 0 14
16 -1 4 4 1 2 0 0 1 0 1 1 1 0 0 2 4 4 2 3 4 0 17 16 1 0 0 1 0 1 1 0 0 1 0 0 0 0 1 0 0 1 0 0 0 0 1 0 0 16
18 -1 2 1 4 2 0 1 1 0 1 1 1 1 1 4 3 2 4 5 3 2 9 10 1 0 1 0 1 0 1 0 0 1 0 1 0 0 0 0 0 0 0 0 0 0 0 0 1 11
17 -1 3 2 1 2 0 0 1 0 0 1 1 1 0 4 3 3 2 3 2 0 14 14 1 0 0 1 0 1 0 1 0 1 0 0 1 0 0 0 0 0 0 0 0 0 0 1 1 16
18 -1 4 2 1 2 0 0 1 0 1 1 1 1 1 4 3 2 1 4 5 2 15 16 1 0 1 0 1 0 1 0 0 1 0 0 1 0 0 0 0 0 0 0 0 1 0 0 1 16
17 -1 2 2 2 2 0 1 1 0 0 1 1 1 1 4 4 4 2 3 5 6 12 12 1 0 0 1 1 0 1 0 0 1 0 1 0 0 0 0 0 0 0 1 0 0 0 0 1 12
15 -1 1 1 3 1 1 0 0 0 1 1 1 1 1 5 5 5 1 1 1 2 8 9 1 0 0 1 0 1 1 0 0 1 0 1 0 0 0 0 0 0 0 0 0 0 0 1 1 9
16 -1 3 3 1 1 0 0 1 0 1 1 1 1 0 4 3 2 3 4 5 0 11 10 1 0 1 0 0 1 1 0 0 1 0 0 0 1 0 0 0 0 0 1 1 0 0 0 0 10
17 -1 1 1 3 2 0 0 0 0 0 1 1 1 1 5 1 3 3 3 1 0 10 10 0 1 1 0 1 0 1 0 0 1 0 0 0 0 1 0 0 0 0 0 1 0 0 0 0 10
18 -1 3 2 1 3 0 0 0 0 0 1 1 1 1 5 4 3 2 3 1 4 14 16 1 0 0 1 1 0 1 0 0 1 0 0 0 0 1 0 0 0 0 0 1 0 0 1 0 17
16 -1 4 3 1 4 0 0 0 0 1 1 1 1 0 4 2 2 1 1 2 2 17 17 1 0 1 0 1 0 1 0 0 1 0 0 0 1 0 0 0 1 0 0 1 0 0 0 0 17
17 -1 1 3 3 2 1 0 1 0 1 1 1 1 0 5 2 4 1 4 5 14 12 11 1 0 1 0 0 1 1 0 1 0 0 1 0 0 0 0 0 0 0 0 0 0 0 1 1 11
15 -1 2 2 1 1 0 1 1 0 1 1 1 0 0 4 3 1 1 1 2 8 14 13 1 0 0 1 0 1 1 0 0 1 0 0 0 1 0 0 0 0 0 0 0 0 0 0 1 12
20 -1 3 2 1 1 2 0 0 0 1 1 1 0 0 5 5 3 1 1 5 0 14 15 1 0 1 0 1 0 0 1 0 0 1 1 0 0 0 0 0 0 0 1 0 0 0 0 1 15
16 -1 2 1 4 1 0 0 0 0 0 1 1 0 0 3 2 1 1 1 2 4 9 9 1 0 1 0 1 0 1 0 0 1 0 1 0 0 0 0 0 0 0 0 0 0 0 0 1 11
18 -1 1 1 4 3 0 0 0 0 0 1 1 1 0 4 3 2 1 2 4 4 10 11 0 1 0 1 0 1 1 0 0 1 0 0 1 0 0 0 0 0 0 0 0 0 0 1 1 12
18 -1 1 1 2 2 0 0 0 0 1 1 1 0 0 1 1 1 1 1 5 6 11 12 0 1 0 1 1 0 1 0 0 1 0 1 0 0 0 0 0 0 0 0 0 0 0 1 1 9
17 -1 2 1 3 1 0 0 0 0 1 1 0 0 1 5 5 5 5 5 3 8 8 10 0 1 1 0 0 1 1 0 0 1 0 0 0 0 1 0 0 0 0 0 0 0 0 1 1 9
18 -1 4 3 1 2 0 0 1 0 0 0 1 1 0 4 3 2 1 1 3 2 10 10 1 0 1 0 1 0 1 0 0 1 0 1 0 0 0 0 0 0 0 0 0 1 0 0 1 11
19 -1 1 1 3 3 0 0 0 0 1 1 0 0 1 1 5 5 4 3 5 12 10 10 1 0 0 1 1 0 1 0 0 0 1 1 0 0 0 0 0 0 0 0 0 0 0 1 1 11
16 -1 3 2 1 2 0 0 1 0 0 1 1 1 0 1 2 2 1 2 1 8 14 15 1 0 0 1 1 0 1 0 0 1 0 0 0 1 0 0 0 0 0 0 0 0 0 1 1 16
18 -1 3 3 1 2 0 0 1 0 0 1 1 1 0 4 1 4 1 1 3 8 11 12 1 0 0 1 1 0 1 0 1 0 0 1 0 0 0 0 0 0 0 0 0 0 0 0 1 14
18 -1 2 3 1 3 0 0 1 0 0 1 1 1 0 4 3 3 1 2 3 0 11 12 1 0 0 1 1 0 1 0 0 1 0 1 0 0 0 0 0 0 0 0 0 0 0 0 1 14
16 -1 4 4 1 1 0 0 0 1 1 1 1 1 0 5 3 2 1 2 5 4 14 15 1 0 1 0 1 0 1 0 0 1 0 1 0 0 0 0 0 0 0 1 1 0 0 0 0 15
18 -1 3 2 2 3 2 0 1 0 0 0 0 0 1 3 3 2 1 1 2 6 7 9 0 1 0 1 0 1 0 1 0 0 1 1 0 0 0 0 0 0 0 0 0 0 0 1 1 10
18 -1 3 3 1 2 0 0 0 0 0 1 1 1 1 4 1 3 1 2 1 1 16 16 0 1 0 1 1 0 1 0 0 1 0 0 1 0 0 0 0 0 0 0 0 0 0 1 1 16
17 -1 2 2 1 1 0 0 1 0 0 1 1 1 0 5 3 2 1 2 3 21 13 13 1 0 0 1 0 1 1 0 0 1 0 0 0 1 0 0 0 0 0 0 0 0 0 1 1 13
18 -1 2 1 1 2 0 0 1 0 0 0 1 1 1 4 3 4 1 3 5 2 12 12 1 0 0 1 1 0 0 1 0 1 0 1 0 0 0 0 0 0 0 0 0 0 0 1 1 13
18 -1 3 1 1 2 0 0 1 0 0 1 1 1 0 4 3 4 1 1 1 4 15 15 0 1 0 1 1 0 1 0 0 1 0 1 0 0 0 0 0 0 0 0 1 1 0 0 0 16
17 -1 1 1 1 2 0 0 0 0 0 0 1 1 0 4 3 3 1 2 4 0 12 12 1 0 1 0 1 0 1 0 1 0 0 0 0 1 0 0 0 0 0 0 0 0 0 1 1 12
17 -1 1 1 1 2 0 0 1 0 0 0 1 0 0 4 4 4 1 3 1 0 14 15 1 0 0 1 1 0 1 0 0 1 0 1 0 0 0 0 0 0 0 0 0 0 0 1 1 15
17 -1 2 2 1 1 1 0 0 0 1 1 1 0 1 1 2 1 2 3 5 0 7 0 0 1 1 0 1 0 1 0 0 1 0 1 0 0 0 0 0 0 0 0 0 0 0 1 1 0
15 -1 1 1 1 2 0 0 1 0 0 1 1 1 0 4 4 2 1 2 5 0 12 12 1 0 0 1 1 0 1 0 1 0 0 1 0 0 0 0 0 0 0 0 1 0 0 1 0 12
17 -1 1 1 1 3 0 0 1 0 0 1 1 1 0 4 3 3 1 1 3 0 13 13 1 0 0 1 1 0 1 0 0 1 0 0 0 1 0 0 0 0 0 1 0 0 1 0 0 14
18 -1 2 1 1 2 0 0 0 0 1 1 1 1 0 5 2 4 1 2 4 2 16 16 1 0 1 0 1 0 1 0 0 1 0 0 1 0 0 0 0 0 0 0 0 0 0 1 1 16
17 -1 1 1 2 3 0 0 0 0 0 0 1 1 1 4 3 3 1 1 1 2 13 14 1 0 1 0 0 1 1 0 1 0 0 0 1 0 0 0 0 0 0 0 0 0 0 1 1 15
15 -1 3 4 1 1 0 0 0 0 0 1 1 1 0 3 4 3 1 2 4 2 14 13 1 0 1 0 1 0 1 0 1 0 0 0 0 1 0 0 0 0 0 0 0 0 0 1 1 14
17 -1 4 1 2 1 0 0 0 0 1 1 1 1 1 4 5 4 2 4 5 22 11 11 1 0 1 0 1 0 0 1 0 1 0 0 1 0 0 0 0 0 0 1 0 0 0 0 1 10
16 -1 4 4 1 3 0 0 1 0 1 0 1 1 0 5 3 2 1 1 5 4 15 16 1 0 0 1 1 0 1 0 0 1 0 0 1 0 0 0 0 0 0 0 1 1 0 0 0 16
16 -1 2 2 1 3 0 0 1 0 0 0 1 0 1 4 3 3 2 2 5 2 11 11 0 1 0 1 0 1 1 0 0 1 0 1 0 0 0 0 0 0 0 0 0 0 0 1 1 11
17 -1 1 1 4 2 0 0 0 0 1 1 0 0 1 5 3 5 1 5 5 0 8 8 1 0 1 0 0 1 1 0 0 1 0 1 0 0 0 0 0 0 0 0 1 0 0 1 0 8
15 -1 3 2 1 2 0 0 1 0 0 1 1 1 0 4 2 2 1 1 1 0 15 16 1 0 1 0 1 0 0 1 0 1 0 0 1 0 0 0 0 0 0 1 0 0 0 0 1 17
15 -1 4 4 2 2 0 0 0 0 0 1 1 1 1 4 4 4 2 3 5 4 12 11 1 0 0 1 1 0 1 0 1 0 0 0 0 1 0 0 0 0 0 1 1 0 0 0 0 12
17 -1 3 2 1 2 0 0 0 0 1 1 1 0 0 5 4 2 1 1 3 4 14 14 1 0 0 1 1 0 1 0 1 0 0 1 0 0 0 0 0 0 0 0 0 0 0 1 1 15
21 -1 4 4 1 3 2 0 0 1 1 1 1 1 0 3 3 2 1 1 5 0 9 12 1 0 0 1 1 0 1 0 0 0 1 0 0 1 0 0 0 0 0 0 0 0 0 1 1 12
16 -1 1 1 1 1 0 0 0 0 0 1 1 1 0 3 4 4 3 3 1 4 10 11 1 0 0 1 1 0 1 0 0 1 0 1 0 0 0 0 0 0 0 0 0 0 0 0 0 11
15 -1 4 4 1 2 0 0 1 0 1 1 1 1 0 4 3 3 1 1 5 0 14 15 1 0 1 0 1 0 1 0 1 0 0 1 0 0 0 0 0 0 0 1 0 0 1 0 0 15
17 -1 2 4 1 2 0 0 1 0 1 1 1 0 0 5 4 2 2 3 5 0 17 18 1 0 0 1 1 0 1 0 1 0 0 0 0 1 0 0 0 0 0 1 1 0 0 0 0 17
18 -1 1 4 1 2 0 1 1 0 0 0 1 0 1 3 4 4 1 2 5 2 10 10 1 0 0 1 1 0 1 0 0 1 0 0 1 0 0 0 0 0 0 0 0 0 1 1 0 11
16 -1 2 1 1 2 0 0 1 0 0 1 1 0 1 4 3 5 1 1 5 0 13 12 1 0 0 1 1 0 1 0 0 1 0 1 0 0 0 0 0 0 0 0 0 0 0 1 1 12
17 -1 3 3 1 2 0 0 1 0 0 0 1 1 1 3 3 3 1 3 3 10 12 13 1 0 0 1 1 0 0 1 0 1 0 0 0 1 0 0 0 1 0 0 0 0 0 0 1 14
18 -1 2 2 1 4 0 0 1 1 1 1 1 1 0 4 5 5 2 4 5 0 11 11 1 0 1 0 1 0 1 0 0 1 0 1 0 0 0 0 0 0 0 0 0 0 0 1 1 12
16 -1 1 1 2 2 0 0 1 0 1 1 1 0 1 5 4 5 4 5 3 0 7 0 0 1 1 0 1 0 1 0 0 1 0 0 1 0 0 0 0 0 0 0 1 0 0 0 0 0
16 -1 3 1 1 1 0 0 0 0 1 1 1 0 0 5 3 2 2 2 5 0 13 13 1 0 1 0 1 0 1 0 0 1 0 0 0 1 0 0 0 0 0 0 0 0 0 1 1 14
15 -1 1 1 2 4 0 1 1 1 1 1 1 1 0 3 1 2 1 1 1 4 13 13 1 0 0 1 0 1 1 0 0 1 0 0 1 0 0 0 0 0 0 0 0 0 0 0 1 13
15 -1 1 1 2 1 1 0 1 0 0 1 1 1 1 4 4 3 1 2 2 4 6 7 0 1 0 1 0 1 1 0 0 1 0 1 0 0 0 0 0 0 0 0 1 0 0 1 0 8
15 -1 1 1 1 1 1 0 1 0 0 1 1 0 1 4 1 3 1 1 2 6 10 10 0 1 0 1 0 1 1 0 0 1 0 0 0 0 1 0 0 0 0 0 1 0 0 0 0 10
19 -1 2 1 2 3 1 0 0 0 1 1 1 1 1 4 3 1 1 1 5 0 9 10 1 0 1 0 0 1 1 0 0 1 0 1 0 0 0 0 0 0 0 0 1 0 0 0 0 11
17 -1 2 2 1 1 0 0 1 0 1 1 0 0 0 4 5 3 1 1 5 4 9 9 0 1 0 1 1 0 1 0 0 1 0 1 0 0 0 0 0 0 0 0 0 0 0 1 0 10
18 -1 4 4 2 3 0 0 0 0 0 1 1 1 1 4 2 2 2 2 5 0 15 16 0 1 1 0 1 0 1 0 0 1 0 0 0 0 1 0 0 0 0 0 1 1 0 0 0 16
15 -1 4 3 2 2 0 0 1 0 0 1 1 1 0 5 4 3 1 2 3 0 12 12 1 0 1 0 1 0 1 0 0 1 0 1 0 0 0 0 0 0 0 0 0 1 0 0 1 13
15 -1 4 4 1 2 0 1 1 0 1 0 1 1 0 4 4 4 1 1 3 2 13 12 1 0 0 1 1 0 1 0 1 0 0 0 0 0 1 0 0 0 0 1 0 0 1 0 0 12
16 -1 4 4 1 3 0 0 1 0 1 1 1 1 0 5 3 3 1 3 5 0 15 13 1 0 1 0 1 0 1 0 0 1 0 1 0 0 0 0 0 0 0 1 1 0 0 0 0 13
15 -1 4 4 1 3 0 0 1 0 1 1 1 1 0 4 2 2 1 1 5 2 13 13 1 0 0 1 1 0 1 0 0 1 0 1 0 0 0 0 0 0 0 0 1 1 0 0 0 13
18 -1 1 2 2 2 0 0 1 0 0 1 0 0 0 4 1 1 1 1 4 0 11 11 0 1 0 1 1 0 1 0 1 0 0 1 0 0 0 0 0 0 0 0 0 0 0 0 0 12
18 -1 1 1 1 3 0 0 1 0 0 0 1 0 0 4 4 3 2 3 3 4 11 12 1 0 0 1 1 0 1 0 0 1 0 0 1 0 0 0 0 0 0 0 0 0 0 1 0 14
16 -1 3 3 2 2 0 0 1 0 1 1 1 1 0 4 4 5 1 1 4 0 14 14 1 0 0 1 1 0 1 0 0 1 0 0 0 1 0 0 0 0 0 0 0 0 0 1 1 15
16 -1 3 3 1 3 0 0 1 0 1 1 1 1 0 5 3 3 1 1 5 4 13 14 1 0 1 0 1 0 1 0 1 0 0 0 1 0 0 0 0 0 0 1 0 0 0 0 1 14
16 -1 2 2 1 1 0 0 1 1 1 1 1 0 1 4 2 5 1 2 5 0 17 16 0 1 0 1 1 0 1 0 0 1 0 1 0 0 0 0 0 0 0 1 0 0 0 0 1 16
16 -1 1 3 2 1 0 0 1 0 0 1 0 1 1 4 3 3 1 3 5 11 10 11 0 1 0 1 1 0 1 0 1 0 0 0 0 0 1 0 0 0 0 0 0 0 0 0 1 11
22 -1 3 1 1 1 3 0 0 0 0 0 0 1 1 5 4 5 5 5 1 12 7 8 1 0 1 0 1 0 1 0 0 1 0 0 0 0 1 0 0 0 0 1 1 0 0 0 0 5
17 -1 4 2 1 4 0 0 1 0 1 1 1 1 0 4 2 3 1 1 4 2 14 15 1 0 0 1 1 0 1 0 0 1 0 0 0 1 0 0 0 0 0 0 1 1 0 0 0 17
15 -1 1 2 1 2 0 0 0 0 0 0 1 0 1 2 3 4 2 4 1 6 11 11 1 0 0 1 1 0 1 0 1 0 0 1 0 0 0 0 0 0 0 0 1 0 0 0 0 11
18 -1 1 1 2 3 0 0 0 0 1 1 1 1 0 4 5 5 1 2 2 0 14 14 1 0 0 1 1 0 1 0 0 1 0 0 1 0 0 0 0 0 0 0 0 0 0 1 1 14
16 -1 2 2 3 2 0 0 1 0 0 1 0 1 0 3 4 5 1 2 1 1 9 10 0 1 0 1 0 1 1 0 1 0 0 1 0 0 0 0 0 0 0 0 0 0 0 1 1 11
18 -1 1 0 3 1 1 1 1 0 0 1 1 0 0 4 3 2 1 1 4 0 12 12 0 1 1 0 0 1 1 0 0 0 1 1 0 0 0 0 0 0 0 0 0 0 0 0 0 13
17 -1 1 1 1 1 0 0 1 0 1 1 1 0 0 4 3 2 1 2 5 9 7 9 0 1 0 1 1 0 1 0 0 1 0 1 0 0 0 0 0 0 0 0 0 0 0 1 0 10
18 -1 4 3 1 1 0 0 1 0 0 1 1 1 0 5 4 4 3 4 2 8 10 11 0 1 0 1 0 1 0 1 0 1 0 1 0 0 0 0 0 0 0 1 1 0 0 0 0 10
18 -1 4 4 1 2 0 0 1 0 0 1 1 1 0 4 4 4 3 3 5 0 12 11 1 0 0 1 1 0 1 0 0 1 0 1 0 0 0 0 0 0 0 0 0 1 0 0 1 13
17 -1 1 3 2 1 0 0 0 0 1 1 1 0 1 5 1 2 3 3 5 2 12 11 0 1 1 0 0 1 1 0 1 0 0 1 0 0 0 0 0 0 0 0 0 0 0 1 1 12
17 -1 3 3 1 3 0 0 0 0 1 0 1 0 0 3 2 3 1 1 4 2 15 12 1 0 0 1 1 0 1 0 0 1 0 0 1 0 0 0 0 0 0 0 0 0 0 1 1 13
17 -1 4 4 1 1 0 0 1 0 0 1 1 0 0 5 2 1 1 2 3 6 12 11 1 0 0 1 0 1 1 0 0 1 0 0 0 0 1 0 0 0 0 1 0 0 0 0 1 11
19 -1 1 1 1 1 0 0 1 0 0 1 0 0 0 1 4 4 1 1 5 0 6 8 0 1 0 1 1 0 0 1 0 1 0 1 0 0 0 0 0 0 0 0 0 0 0 0 1 7
17 -1 3 3 2 1 0 0 1 0 0 1 1 1 0 4 4 3 1 1 4 0 11 12 0 1 0 1 1 0 1 0 0 1 0 1 0 0 0 0 0 0 0 1 1 0 0 0 0 13
15 -1 4 2 1 1 0 0 0 0 0 1 1 1 0 3 5 2 1 1 3 10 18 17 1 0 1 0 1 0 1 0 0 1 0 1 0 0 0 0 0 0 0 0 0 1 0 0 1 18
15 -1 3 4 1 2 0 1 0 0 1 1 1 1 1 5 3 2 1 1 1 0 10 11 1 0 0 1 1 0 0 1 0 1 0 0 1 0 0 0 0 0 0 0 0 0 0 1 1 11
15 -1 3 4 1 2 0 0 1 0 1 1 1 1 0 5 5 1 1 1 5 0 12 12 1 0 1 0 1 0 1 0 0 1 0 0 1 0 0 0 0 0 0 0 0 0 0 1 1 13
15 -1 2 2 2 3 0 0 1 0 1 1 1 0 0 5 3 2 1 1 4 0 12 13 0 1 0 1 1 0 1 0 0 1 0 1 0 0 0 0 0 0 0 0 1 0 0 1 0 14
18 -1 2 2 2 1 1 0 0 0 0 1 0 1 1 5 5 5 1 1 3 0 8 6 0 1 0 1 0 1 1 0 0 1 0 0 0 0 1 0 0 0 0 0 0 0 0 1 1 0
17 -1 2 1 2 1 3 1 1 0 1 1 0 1 0 4 5 1 1 1 3 0 9 9 1 0 1 0 1 0 1 0 0 1 0 0 1 0 0 0 0 0 0 0 0 0 0 1 1 10
18 -1 1 2 2 1 0 0 0 0 0 0 0 1 0 3 4 4 2 4 4 10 10 10 1 0 1 0 1 0 1 0 0 0 1 0 1 0 0 0 0 0 0 0 0 0 0 0 1 11
17 -1 2 2 1 3 0 0 0 0 1 1 1 0 1 3 4 3 1 1 3 8 10 11 0 1 0 1 1 0 1 0 0 1 0 0 1 0 0 0 0 0 0 0 0 0 0 1 0 12
15 -1 3 3 2 3 0 0 1 1 1 1 1 1 1 4 2 1 2 3 3 2 13 13 1 0 0 1 0 1 1 0 0 0 1 0 0 1 0 0 0 0 0 1 1 0 0 0 0 13
16 -1 2 2 1 2 0 1 1 0 0 1 1 1 0 3 3 4 1 1 4 0 13 13 1 0 0 1 1 0 0 1 0 1 0 0 0 1 0 0 0 0 0 0 0 0 0 1 1 13
18 -1 3 2 1 3 0 0 1 0 1 0 1 1 1 4 3 3 5 1 5 10 12 11 1 0 0 1 1 0 0 1 0 0 1 1 0 0 0 0 0 0 0 0 1 0 0 1 0 11
19 -1 1 1 2 2 1 0 1 0 0 1 1 1 1 1 1 4 4 1 1 12 7 8 0 1 0 1 1 0 1 0 0 0 1 1 0 0 0 0 0 0 0 0 0 0 0 1 1 9
17 -1 2 1 3 1 0 0 1 0 0 1 1 1 0 3 2 2 1 2 5 8 11 10 1 0 0 1 1 0 0 1 0 1 0 1 0 0 0 0 0 0 0 0 0 0 0 1 1 11
15 -1 3 3 2 1 0 0 1 0 1 0 1 1 0 4 3 3 2 4 3 11 12 10 0 1 1 0 1 0 1 0 1 0 0 1 0 0 0 0 0 0 0 1 1 0 0 0 0 11
16 -1 4 4 2 3 0 0 1 0 0 1 1 1 1 5 3 5 1 4 5 1 10 11 0 1 0 1 1 0 1 0 0 1 0 1 0 0 0 0 0 0 0 0 1 1 0 0 0 12
16 -1 1 2 1 3 0 1 0 0 0 1 1 1 0 4 4 3 1 1 5 0 10 11 0 1 1 0 1 0 0 1 0 1 0 0 0 0 1 0 0 0 0 0 0 0 0 1 1 11
18 -1 3 2 2 3 0 0 1 0 1 1 1 1 0 5 4 2 1 1 4 0 14 15 1 0 1 0 0 1 1 0 0 1 0 0 0 1 0 0 0 0 0 1 0 0 0 0 1 15
16 -1 3 4 3 1 1 0 1 0 1 0 1 1 0 3 4 5 2 4 2 4 9 9 1 0 1 0 1 0 1 0 1 0 0 1 0 0 0 0 0 0 0 0 0 0 0 1 1 10
18 -1 2 2 2 2 0 0 0 0 1 0 1 1 0 4 3 5 1 1 1 2 12 13 0 1 0 1 1 0 1 0 1 0 0 0 0 1 0 0 0 0 0 1 0 0 0 0 0 14
15 -1 3 1 2 4 0 0 1 0 0 0 1 1 0 4 4 2 2 3 3 6 15 15 1 0 0 1 0 1 1 0 1 0 0 0 0 1 0 0 0 0 0 0 0 0 0 1 1 15
19 -1 2 3 1 1 1 0 0 0 0 1 0 1 1 4 4 4 1 1 2 0 9 9 0 1 0 1 1 0 1 0 0 0 1 1 0 0 0 0 0 0 0 0 1 0 0 0 0 10
15 -1 2 2 1 3 0 1 1 0 0 1 1 0 0 4 4 3 2 2 5 2 14 11 0 1 0 1 0 1 1 0 1 0 0 0 0 0 1 0 0 0 0 0 0 0 0 1 1 12
15 -1 4 4 1 1 0 0 1 0 1 1 1 1 0 4 3 3 1 3 5 0 12 13 1 0 1 0 1 0 1 0 1 0 0 1 0 0 0 0 0 1 0 0 1 0 0 0 0 12
17 -1 3 1 1 2 0 0 0 0 1 1 1 1 1 5 4 4 3 4 5 0 11 11 1 0 1 0 1 0 1 0 0 1 0 0 0 0 1 0 0 0 0 1 0 0 0 0 1 14
17 -1 4 3 2 2 0 0 0 0 1 1 1 1 0 4 4 4 4 4 4 0 10 11 1 0 1 0 1 0 1 0 0 1 0 1 0 0 0 0 0 0 0 0 0 1 0 0 1 11
16 -1 4 4 1 2 0 0 1 0 1 1 1 1 0 5 4 4 1 2 5 6 16 14 1 0 1 0 1 0 1 0 1 0 0 1 0 0 0 0 0 0 0 0 0 1 1 0 0 14
15 -1 3 3 1 4 0 1 0 0 0 1 1 0 0 4 3 3 1 1 4 10 10 10 1 0 0 1 1 0 0 1 1 0 0 0 0 1 0 0 0 0 1 0 0 0 0 1 0 10
16 -1 2 2 1 1 1 0 0 0 0 1 1 0 0 5 3 4 1 1 5 12 13 11 1 0 0 1 1 0 0 1 0 1 0 0 1 0 0 0 0 0 0 0 0 0 0 1 1 11
15 -1 1 3 3 1 0 0 1 0 1 1 1 1 0 4 2 4 3 5 3 2 10 11 0 1 1 0 0 1 1 0 1 0 0 0 0 1 0 0 0 0 0 0 0 0 0 0 1 11
15 -1 3 1 2 1 0 0 1 0 0 1 1 0 0 3 2 3 1 3 4 0 10 9 0 1 1 0 1 0 1 0 0 1 0 0 1 0 0 0 0 0 0 0 1 0 0 1 0 11
17 -1 3 2 1 2 0 0 1 0 0 1 1 1 0 4 4 4 1 2 5 10 16 18 1 0 1 0 1 0 0 1 0 1 0 0 0 1 0 0 0 0 0 0 0 0 0 1 1 18
18 -1 2 2 1 2 1 0 1 0 1 1 1 1 0 2 3 3 1 2 4 3 7 6 0 1 0 1 0 1 1 0 0 1 0 1 0 0 0 0 0 0 0 1 1 0 0 0 0 8
17 -1 3 2 1 2 0 0 1 0 0 1 1 1 1 4 3 2 2 3 2 0 12 13 1 0 0 1 1 0 1 0 0 1 0 0 1 0 0 0 0 0 0 0 0 0 0 1 1 15
18 -1 3 2 1 1 1 0 0 0 0 1 0 1 0 2 3 1 2 2 5 0 4 0 0 1 1 0 0 1 1 0 0 1 0 1 0 0 0 0 0 0 0 1 0 0 0 0 1 0
18 -1 1 1 2 2 0 0 1 0 1 1 1 0 0 4 3 3 1 4 5 6 10 9 0 1 1 0 1 0 1 0 0 1 0 1 0 0 0 0 0 0 0 0 0 0 0 0 0 10
18 -1 3 3 1 2 0 0 0 0 1 1 1 1 0 5 3 4 1 1 4 8 10 11 1 0 0 1 1 0 1 0 0 1 0 0 1 0 0 0 0 0 0 1 1 0 0 0 0 12
15 -1 2 2 2 2 0 1 1 0 0 1 1 1 0 4 1 3 1 3 4 0 11 10 1 0 0 1 0 1 1 0 0 1 0 0 0 1 0 0 0 1 0 0 1 0 0 0 0 11
15 -1 1 2 3 2 0 0 1 0 1 1 1 0 0 5 5 5 1 3 5 11 9 11 0 1 1 0 0 1 1 0 0 1 0 1 0 0 0 0 0 0 0 0 1 0 0 1 0 10
15 -1 4 3 1 3 0 0 1 0 1 1 1 1 0 5 4 3 1 1 4 0 14 14 1 0 1 0 1 0 1 0 0 1 0 0 1 0 0 0 0 0 0 0 1 1 0 0 0 14
17 -1 2 1 2 3 0 0 0 0 1 1 1 1 1 3 2 3 1 2 3 0 15 15 1 0 0 1 1 0 0 1 0 1 0 1 0 0 0 0 0 0 0 0 0 0 0 1 1 16
15 -1 4 0 2 4 0 0 0 0 1 1 1 1 0 3 4 3 1 1 1 0 12 11 1 0 1 0 1 0 1 0 0 1 0 1 0 0 0 0 0 0 0 0 0 1 0 0 1 11
17 -1 4 4 2 3 0 0 1 0 1 1 1 1 0 5 3 4 1 1 5 0 7 7 1 0 0 1 0 1 1 0 0 1 0 0 0 1 0 0 0 0 0 1 1 0 0 0 0 8
17 -1 2 2 2 2 0 0 1 0 0 1 1 1 0 4 3 5 1 2 4 0 11 10 0 1 0 1 0 1 1 0 0 1 0 1 0 0 0 0 0 0 0 0 0 0 0 0 1 11
18 -1 2 3 2 1 0 0 1 0 0 1 1 1 1 5 2 3 1 2 4 0 10 10 0 1 0 1 1 0 1 0 1 0 0 1 0 0 0 0 0 0 0 0 1 0 0 0 0 10
16 -1 4 3 1 2 0 0 0 0 1 1 1 1 1 1 3 2 1 1 1 4 14 15 1 0 0 1 1 0 1 0 0 1 0 0 0 0 1 0 0 0 0 0 0 1 0 0 1 15
16 -1 2 1 2 1 0 0 0 0 1 0 1 0 0 3 3 2 1 3 3 2 14 13 1 0 1 0 0 1 1 0 0 1 0 1 0 0 0 0 0 0 0 0 0 0 0 1 1 12
16 -1 3 1 2 4 0 0 1 0 0 1 1 1 0 4 3 2 1 1 5 2 13 11 1 0 1 0 1 0 1 0 1 0 0 0 0 1 0 0 0 0 0 0 0 0 0 1 1 11
17 -1 3 2 2 2 0 0 0 0 0 1 1 1 0 4 4 4 1 3 1 2 14 16 1 0 0 1 1 0 1 0 0 1 0 0 0 1 0 0 0 0 0 0 0 0 0 1 1 15
17 -1 1 2 1 1 3 0 0 0 0 1 1 0 0 2 2 2 3 3 5 14 9 8 1 0 1 0 0 1 1 0 0 1 0 0 0 1 0 0 0 0 0 0 0 0 0 1 1 10
17 -1 4 4 2 3 0 0 1 0 0 0 1 1 1 4 3 3 1 2 4 4 15 14 1 0 0 1 1 0 1 0 0 1 0 1 0 0 0 0 0 0 0 0 0 1 1 0 0 15
17 -1 3 1 2 4 0 0 1 0 0 1 1 0 0 3 1 2 1 1 3 0 18 19 1 0 0 1 0 1 1 0 0 1 0 0 0 1 0 0 0 0 0 1 0 0 0 0 1 19
20 -1 2 1 2 2 0 0 1 1 1 1 0 1 1 1 2 3 1 2 2 8 10 12 1 0 0 1 0 1 1 0 0 0 1 1 0 0 0 0 0 0 0 0 0 0 0 1 1 12
15 -1 1 2 2 1 0 0 0 0 1 1 1 0 0 4 4 4 2 4 5 2 8 9 1 0 1 0 1 0 1 0 0 1 0 1 0 0 0 0 0 0 0 0 0 0 0 1 1 10
16 -1 2 2 2 4 0 0 1 0 1 0 1 1 0 5 3 5 1 1 5 6 13 13 1 0 0 1 0 1 1 0 0 1 0 0 0 1 0 0 0 0 0 1 1 0 0 0 0 13
17 -1 4 3 1 3 0 0 1 0 0 1 1 1 0 4 2 2 1 2 3 0 17 18 1 0 0 1 1 0 1 0 0 1 0 0 0 1 0 0 0 1 0 0 1 0 0 0 0 18
15 -1 2 3 1 3 0 1 0 0 0 0 1 1 0 5 3 2 1 2 5 2 10 9 1 0 1 0 1 0 1 0 0 1 0 0 1 0 0 0 0 0 0 0 0 0 0 1 1 9
17 -1 4 2 2 3 0 0 1 0 0 1 1 1 0 4 3 3 1 1 3 0 16 16 1 0 0 1 1 0 1 0 0 1 0 0 0 1 0 0 0 0 0 0 0 0 0 1 1 16
17 -1 4 1 1 1 0 0 0 0 0 1 1 1 1 4 2 3 1 2 5 1 13 14 0 1 0 1 0 1 1 0 0 1 0 0 0 0 1 0 0 0 0 0 0 0 0 1 1 14
15 -1 4 4 2 2 0 0 1 0 1 1 1 1 0 4 3 1 1 1 5 2 15 15 1 0 1 0 1 0 1 0 0 1 0 0 0 1 0 0 0 0 0 1 1 0 0 0 0 15
15 -1 4 2 1 3 0 0 1 0 1 1 1 1 0 5 3 3 1 3 1 4 15 15 1 0 0 1 1 0 1 0 0 1 0 0 0 1 0 0 0 0 0 0 0 0 0 1 1 15
18 -1 2 2 1 1 0 0 0 0 0 0 1 1 0 5 4 2 1 2 5 6 15 14 1 0 1 0 1 0 1 0 0 1 0 0 0 1 0 0 0 0 0 0 0 0 0 1 1 15
15 -1 3 3 1 2 0 0 1 0 0 1 1 1 1 4 5 4 1 1 1 4 13 12 0 1 0 1 0 1 1 0 0 1 0 0 0 1 0 0 0 0 0 1 0 0 0 0 1 12
18 -1 4 3 2 1 0 0 1 0 0 1 1 1 0 3 2 4 1 4 1 8 12 12 1 0 0 1 1 0 1 0 0 1 0 1 0 0 0 0 0 1 0 0 1 0 0 0 0 15
16 -1 3 2 2 2 2 0 1 0 1 1 1 0 1 2 5 5 1 1 1 8 5 5 0 1 0 1 1 0 0 1 0 1 0 1 0 0 0 0 0 0 0 1 0 0 0 0 0 7
16 -1 4 4 1 2 0 0 1 0 0 1 1 1 1 4 3 4 1 2 3 4 8 8 0 1 0 1 1 0 1 0 0 1 0 1 0 0 0 0 0 1 1 0 0 0 0 0 0 8
16 -1 4 4 1 2 0 0 1 0 0 1 1 1 0 4 5 2 1 2 3 0 11 10 1 0 0 1 1 0 1 0 0 1 0 0 0 1 0 0 0 0 0 0 0 1 1 0 0 11
16 -1 1 2 1 2 0 1 0 0 1 1 1 1 0 4 4 3 1 1 1 0 13 13 1 0 0 1 1 0 1 0 1 0 0 0 0 1 0 0 0 0 0 0 1 0 0 1 0 10
18 -1 4 3 1 2 0 0 1 0 0 1 1 1 1 3 1 2 1 3 2 2 15 15 1 0 0 1 1 0 1 0 1 0 0 0 1 0 0 0 0 0 0 1 0 0 0 0 1 15
18 -1 2 1 2 1 0 0 0 0 1 0 1 1 1 4 4 3 1 3 5 0 7 7 0 1 1 0 0 1 1 0 0 1 0 0 0 0 1 0 0 0 0 0 0 0 0 1 1 0
16 -1 4 1 2 2 0 0 1 0 1 1 1 1 0 1 2 4 2 2 1 8 9 10 0 1 0 1 1 0 1 0 0 1 0 0 1 0 0 0 0 0 0 0 0 0 0 1 1 10
15 -1 3 3 2 1 0 0 1 0 0 1 1 1 0 5 4 4 2 3 5 4 10 10 0 1 0 1 0 1 1 0 0 1 0 1 0 0 0 0 0 0 0 0 0 0 0 0 1 11
17 -1 2 3 2 2 0 0 0 0 1 1 1 1 1 4 2 1 1 1 3 2 11 12 1 0 0 1 1 0 1 0 1 0 0 1 0 0 0 0 0 0 0 0 0 0 0 1 1 14
16 -1 3 3 1 2 0 1 1 0 1 1 1 1 0 4 3 3 2 4 5 4 11 11 1 0 0 1 1 0 1 0 0 1 0 0 1 0 0 0 0 0 0 0 1 0 0 1 0 11
16 -1 2 2 1 1 0 0 1 0 0 0 1 1 0 1 2 2 1 3 5 6 10 11 1 0 0 1 1 0 1 0 0 1 0 0 1 0 0 0 0 0 0 1 1 0 0 0 0 12
16 -1 1 2 1 3 1 0 1 0 0 1 1 0 0 1 3 2 1 2 4 3 9 8 0 1 0 1 1 0 1 0 0 1 0 1 0 0 0 0 0 0 0 0 1 0 0 1 0 8
16 -1 1 1 1 1 0 0 1 0 1 1 1 1 1 4 4 4 2 2 4 2 14 14 0 1 0 1 0 1 1 0 0 1 0 0 1 0 0 0 0 0 0 1 1 0 0 0 0 14
15 -1 1 1 2 2 0 0 1 0 0 1 1 1 0 5 4 3 1 2 4 0 10 10 0 1 0 1 0 1 1 0 1 0 0 0 0 1 0 0 0 0 0 0 1 0 0 0 0 10
15 -1 4 4 1 1 0 0 1 1 1 0 1 1 0 5 3 3 1 1 5 2 12 13 1 0 1 0 1 0 1 0 0 1 0 1 0 0 0 0 0 0 0 1 0 0 0 0 1 12
17 -1 2 2 2 2 0 0 1 0 1 1 1 1 0 4 5 2 1 1 1 0 12 13 1 0 1 0 0 1 1 0 1 0 0 1 0 0 0 0 0 0 0 0 0 0 0 1 1 13
15 -1 1 1 1 2 0 1 0 0 0 1 1 1 0 4 3 2 2 3 3 6 12 13 1 0 0 1 1 0 1 0 0 1 0 0 0 0 1 0 0 0 0 0 0 0 0 0 1 12
17 -1 4 4 1 2 0 1 1 0 1 1 1 1 1 4 5 5 1 3 2 0 13 13 1 0 1 0 1 0 1 0 0 1 0 0 0 1 0 0 0 0 0 0 0 1 1 0 0 13
17 -1 2 1 3 1 0 0 1 0 1 1 0 0 1 5 5 3 1 1 3 2 9 10 0 1 0 1 0 1 1 0 0 1 0 1 0 0 0 0 0 0 0 0 0 0 0 0 1 11
18 -1 4 4 2 3 0 0 0 0 0 1 1 1 0 5 4 4 1 1 1 0 15 17 0 1 0 1 0 1 1 0 0 1 0 0 0 1 0 0 0 0 0 0 0 0 0 1 1 17
15 -1 4 4 2 1 0 0 0 0 0 1 1 1 1 1 5 1 3 5 5 0 13 14 0 1 0 1 0 1 1 0 0 1 0 1 0 0 0 0 0 0 0 0 0 1 0 0 1 14
19 -1 3 3 1 4 0 0 1 0 1 1 1 1 0 4 3 3 1 2 3 4 12 12 1 0 0 1 1 0 1 0 0 0 1 0 0 1 0 0 0 0 0 0 0 0 0 1 1 12
17 -1 2 2 3 3 0 0 1 0 0 1 1 1 1 4 2 3 1 1 1 8 13 15 1 0 0 1 1 0 1 0 1 0 0 0 0 1 0 0 0 0 0 0 1 0 0 1 0 15
18 -1 3 2 2 1 0 0 1 0 0 0 1 1 0 2 5 5 5 5 5 8 9 10 0 1 1 0 0 1 1 0 0 1 0 1 0 0 0 0 0 0 0 0 0 0 0 1 1 11
17 -1 3 1 1 2 0 0 1 0 1 0 1 1 0 4 5 4 2 3 1 10 8 9 0 1 0 1 0 1 1 0 0 1 0 0 0 1 0 0 0 0 0 0 0 0 0 0 1 9
18 -1 1 3 1 1 0 0 0 0 0 1 0 1 1 4 3 3 2 3 3 0 9 10 0 1 1 0 1 0 1 0 0 1 0 1 0 0 0 0 0 0 0 0 1 0 0 0 0 9
16 -1 2 2 1 2 0 0 0 0 0 1 0 1 0 4 3 5 2 4 4 0 9 10 1 0 1 0 1 0 1 0 1 0 0 1 0 0 0 0 0 0 0 0 0 0 0 1 1 11
15 -1 1 1 2 2 0 0 1 0 1 1 1 1 0 4 3 3 1 1 2 1 11 10 0 1 0 1 0 1 1 0 1 0 0 0 1 0 0 0 0 0 0 0 0 0 0 0 1 11
16 -1 3 1 1 1 0 0 0 0 1 1 1 1 0 3 1 3 1 3 1 0 8 6 0 1 0 1 1 0 1 0 0 1 0 1 0 0 0 0 0 0 0 0 0 0 0 1 1 8
16 -1 3 3 1 2 0 0 1 0 0 1 1 1 0 2 3 5 1 4 3 6 13 12 1 0 0 1 1 0 0 1 0 1 0 0 1 0 0 0 0 0 0 0 1 0 0 1 0 13
16 -1 2 1 1 1 1 0 0 0 1 1 1 0 1 4 4 4 3 5 5 6 9 10 1 0 1 0 1 0 1 0 0 1 0 1 0 0 0 0 0 0 0 0 0 0 0 0 1 10
17 -1 3 2 1 2 1 0 0 0 0 1 1 0 1 4 5 4 1 2 5 0 10 10 0 1 0 1 0 1 1 0 1 0 0 1 0 0 0 0 0 0 0 0 0 0 0 0 1 10
16 -1 3 3 1 1 0 0 0 0 1 1 0 1 1 4 5 4 1 1 4 0 14 13 0 1 0 1 1 0 1 0 0 1 0 0 0 1 0 0 0 0 0 0 0 0 0 1 1 13
17 -1 3 2 1 1 3 0 1 1 1 1 1 1 0 5 5 5 2 4 5 2 8 8 1 0 1 0 1 0 1 0 0 1 0 1 0 0 0 0 0 0 0 1 1 0 0 0 0 7
16 -1 2 2 2 2 0 0 1 0 1 1 1 1 0 4 4 4 1 1 5 0 12 12 0 1 0 1 0 1 1 0 0 1 0 1 0 0 0 0 0 0 0 0 0 0 0 1 1 12
17 -1 4 4 1 1 0 1 1 0 0 1 1 0 1 4 2 1 1 1 4 0 13 13 1 0 0 1 1 0 1 0 0 1 0 1 0 0 0 0 0 0 0 0 0 0 1 1 0 13
17 -1 3 3 1 1 0 0 0 0 1 0 1 1 0 4 3 5 3 5 5 0 17 18 1 0 1 0 1 0 1 0 0 1 0 0 0 1 0 0 0 0 0 0 1 0 0 1 0 17
17 -1 4 3 2 2 0 0 0 0 1 1 1 1 1 2 5 5 1 4 5 8 15 15 1 0 1 0 1 0 1 0 0 1 0 1 0 0 0 0 0 1 0 0 0 0 0 0 1 15
17 -1 2 1 2 2 0 0 0 0 1 1 1 1 1 5 3 3 1 2 2 5 11 11 0 1 0 1 0 1 0 1 0 1 0 0 0 1 0 0 0 0 0 1 0 0 0 0 1 12
16 -1 2 2 1 1 0 0 1 0 0 1 0 0 0 4 3 4 1 2 1 6 7 7 0 1 0 1 1 0 0 1 0 1 0 0 1 0 0 0 0 0 0 0 0 0 0 1 1 8
18 -1 3 3 1 2 0 0 1 0 0 1 1 0 1 5 3 4 1 1 5 0 10 10 0 1 0 1 1 0 1 0 1 0 0 1 0 0 0 0 0 0 0 1 1 0 0 0 0 10
18 -1 2 2 2 2 3 0 1 1 0 1 1 1 0 3 3 3 5 5 4 9 10 9 1 0 1 0 1 0 1 0 0 1 0 0 1 0 0 0 0 0 0 0 0 0 0 1 1 10
17 -1 4 1 1 1 0 0 1 0 0 1 1 0 1 3 2 2 1 1 5 0 8 10 0 1 0 1 1 0 1 0 0 1 0 1 0 0 0 0 0 1 0 0 0 0 0 0 0 9
18 -1 4 4 1 1 0 0 1 0 1 1 1 1 0 5 4 5 1 1 5 3 17 17 0 1 1 0 1 0 1 0 0 1 0 0 0 1 0 0 0 0 0 1 0 0 0 0 1 17
17 -1 1 1 2 1 0 0 1 0 1 0 1 1 1 4 4 5 1 2 5 0 11 11 0 1 0 1 0 1 1 0 0 1 0 0 0 1 0 0 0 0 0 0 0 0 0 0 1 11
17 -1 2 4 2 2 0 0 1 0 0 1 1 1 1 4 3 3 1 1 1 6 15 16 1 0 0 1 1 0 1 0 0 1 0 0 0 1 0 0 0 0 1 0 0 0 0 0 0 16
16 -1 4 4 1 3 0 0 1 0 1 1 1 1 1 5 4 5 1 1 4 2 15 15 1 0 0 1 1 0 1 0 0 1 0 0 0 0 1 0 0 1 1 0 0 0 0 0 0 14
19 -1 2 2 1 2 0 0 1 0 0 1 1 1 0 4 3 3 1 1 5 0 10 10 1 0 0 1 1 0 1 0 0 1 0 0 1 0 0 0 0 0 0 1 1 0 0 0 0 11
16 -1 1 1 4 4 0 0 1 0 0 0 1 1 0 4 3 2 1 1 1 0 13 10 0 1 0 1 0 1 1 0 1 0 0 0 1 0 0 0 0 0 0 0 0 0 0 1 1 13
15 -1 4 4 1 4 0 0 1 0 1 0 1 1 1 1 3 3 5 5 3 0 11 12 1 0 1 0 1 0 0 1 0 1 0 0 0 1 0 0 0 0 0 0 1 0 0 1 0 12
18 -1 1 1 2 2 0 1 0 0 1 1 1 1 0 5 4 4 1 1 4 0 12 13 1 0 0 1 1 0 1 0 0 1 0 0 1 0 0 0 0 0 0 0 0 0 0 1 1 13
19 -1 3 2 2 1 3 0 0 0 1 1 1 0 0 3 2 1 1 1 3 4 6 11 0 1 1 0 1 0 1 0 0 1 0 1 0 0 0 0 0 0 0 0 1 0 0 0 0 9
16 -1 2 3 2 2 0 0 0 0 0 1 1 0 0 4 5 2 1 2 5 0 16 17 0 1 0 1 0 1 1 0 0 1 0 1 0 0 0 0 0 0 0 0 1 0 0 0 0 17
16 -1 4 4 1 2 0 0 1 0 0 1 1 0 0 4 1 3 3 5 5 6 9 9 1 0 1 0 1 0 0 1 0 1 0 0 0 1 0 0 0 0 1 0 0 1 0 0 0 10
16 -1 4 2 2 2 0 0 1 0 1 1 1 1 0 5 3 3 1 1 1 2 13 14 1 0 0 1 1 0 1 0 0 1 0 0 1 0 0 0 0 0 0 0 1 1 0 0 0 14
19 -1 1 1 2 1 1 0 0 0 0 1 0 0 0 5 5 5 2 3 2 0 5 0 0 1 0 1 1 0 1 0 1 0 0 0 0 0 1 0 0 0 0 0 1 0 0 0 0 0
15 -1 2 2 1 1 0 0 1 0 0 1 1 1 0 4 2 2 1 2 5 8 11 12 1 0 1 0 1 0 1 0 0 1 0 0 1 0 0 0 0 0 0 0 0 0 0 1 1 12
18 -1 2 3 1 1 0 0 0 0 0 1 1 1 0 3 1 3 4 5 4 13 13 14 1 0 1 0 0 1 1 0 1 0 0 0 0 1 0 0 0 0 0 0 1 0 0 1 0 14
16 -1 2 2 1 2 1 1 0 0 1 1 1 1 0 3 1 2 1 1 5 12 8 10 1 0 0 1 1 0 1 0 0 1 0 0 1 0 0 0 0 0 0 0 0 0 0 0 1 10
16 -1 4 4 1 1 0 0 1 0 0 1 1 1 0 4 1 2 2 5 5 0 11 12 0 1 1 0 1 0 1 0 1 0 0 0 0 0 1 0 0 0 1 0 0 1 0 0 0 12
15 -1 3 3 1 2 0 0 0 0 1 0 1 1 0 5 3 2 1 1 2 0 13 12 1 0 1 0 1 0 1 0 0 1 0 1 0 0 0 0 0 0 0 0 0 0 0 1 1 12
17 -1 4 4 1 2 0 0 1 0 1 1 1 1 0 4 4 4 1 3 5 0 11 9 1 0 1 0 1 0 1 0 0 1 0 0 0 1 0 0 0 0 0 0 0 1 0 0 1 10
17 -1 1 1 1 3 0 0 1 0 0 1 1 0 1 4 3 3 1 1 3 0 11 11 0 1 0 1 1 0 1 0 1 0 0 1 0 0 0 0 0 0 0 0 1 0 0 1 0 10
15 -1 3 4 1 3 0 1 1 0 1 1 1 1 0 4 3 2 1 1 5 2 11 12 1 0 0 1 0 1 1 0 0 1 0 1 0 0 0 0 0 0 1 1 0 0 0 0 0 12
18 -1 4 3 1 4 0 0 1 0 0 1 1 1 0 4 3 3 1 1 3 0 16 17 1 0 0 1 1 0 1 0 1 0 0 0 0 1 0 0 0 0 0 0 0 0 0 1 1 17
17 -1 2 2 1 2 0 0 1 0 1 1 1 1 0 4 3 4 1 3 4 0 13 17 1 0 0 1 1 0 1 0 0 1 0 0 0 1 0 0 0 0 0 1 1 0 0 0 0 17
16 -1 2 2 1 4 0 0 0 0 0 1 1 1 1 5 2 3 1 3 3 1 13 13 1 0 0 1 1 0 1 0 0 1 0 0 0 1 0 0 0 0 0 0 0 0 0 1 1 13
16 -1 0 2 2 1 0 0 1 0 1 1 1 0 0 3 2 3 1 2 2 0 12 11 0 1 0 1 0 1 1 0 0 1 0 0 0 0 1 0 0 0 0 0 0 0 0 1 1 12
16 -1 1 1 4 2 0 0 1 0 0 1 1 0 0 5 1 3 1 1 3 0 14 13 1 0 0 1 0 1 1 0 0 1 0 1 0 0 0 0 0 0 0 0 0 0 0 0 1 13
18 -1 2 2 2 3 0 0 0 0 0 1 1 1 1 5 4 5 1 4 3 0 11 12 0 1 0 1 1 0 1 0 1 0 0 1 0 0 0 0 0 0 0 1 1 0 0 0 0 13
16 -1 2 1 2 2 0 0 0 0 0 0 1 1 1 4 2 2 1 4 5 2 9 7 0 1 1 0 1 0 1 0 0 1 0 0 0 0 1 0 0 1 0 0 1 0 0 0 0 8
18 -1 3 3 1 2 0 0 1 0 0 1 1 1 1 4 3 3 1 3 5 8 10 9 1 0 1 0 0 1 1 0 0 1 0 1 0 0 0 0 0 0 0 0 1 0 0 1 0 10
15 -1 1 1 1 2 0 0 1 0 1 0 1 1 0 4 3 2 2 3 4 2 13 12 1 0 0 1 1 0 1 0 1 0 0 0 1 0 0 0 0 0 0 0 0 0 0 1 1 12
17 -1 3 3 1 2 0 0 1 0 1 1 1 1 1 4 3 4 2 3 4 6 11 13 1 0 1 0 1 0 1 0 0 1 0 0 0 0 1 0 0 0 0 1 1 0 0 0 0 14
17 -1 4 2 1 2 0 0 1 0 1 1 1 0 0 4 3 2 1 1 4 4 15 14 1 0 0 1 1 0 0 1 0 1 0 1 0 0 0 0 0 0 0 0 0 1 0 0 1 14
17 -1 2 1 1 2 0 0 1 0 1 1 1 1 0 4 3 5 2 4 4 4 12 16 1 0 0 1 1 0 1 0 0 1 0 0 0 1 0 0 0 0 0 1 0 0 0 0 1 16
15 -1 3 3 2 1 0 0 0 0 0 0 1 1 0 4 1 3 1 1 4 0 14 16 0 1 0 1 0 1 1 0 1 0 0 1 0 0 0 0 0 0 0 0 1 0 0 1 0 16
18 -1 2 1 3 2 1 0 0 0 1 0 0 1 0 4 4 5 4 4 5 4 11 10 1 0 1 0 1 0 1 0 0 1 0 1 0 0 0 0 0 0 0 1 0 0 0 0 1 11
15 -1 4 2 1 2 0 0 1 0 0 1 1 1 0 4 3 3 1 1 5 0 16 14 1 0 0 1 1 0 1 0 0 1 0 0 0 0 1 0 0 1 0 0 0 0 0 0 1 16
18 -1 1 2 3 2 0 0 0 0 0 1 1 0 1 4 3 4 1 4 5 0 16 15 0 1 0 1 0 1 0 1 0 1 0 1 0 0 0 0 0 0 0 0 0 0 0 0 1 15
16 -1 4 2 1 2 0 0 1 1 0 1 1 1 0 4 2 3 1 1 5 2 16 15 1 0 0 1 1 0 1 0 0 1 0 1 0 0 0 0 0 0 0 1 0 0 0 0 1 16
18 -1 2 2 1 1 0 0 1 0 1 1 1 1 1 4 3 5 2 4 5 2 10 10 1 0 0 1 1 0 1 0 0 1 0 1 0 0 0 0 0 0 0 0 0 0 0 1 1 10
18 -1 2 2 3 2 1 0 0 0 1 1 1 0 1 4 3 3 1 1 4 0 9 0 0 1 0 1 0 1 1 0 0 1 0 1 0 0 0 0 0 0 0 0 0 0 0 0 1 0
17 -1 2 1 1 1 0 0 1 0 0 1 1 1 0 5 4 5 1 2 5 22 9 7 1 0 1 0 1 0 1 0 0 1 0 0 1 0 0 0 0 0 0 0 0 0 0 1 1 6
16 -1 1 1 2 1 0 0 1 0 0 1 1 0 0 4 3 2 1 4 5 2 12 13 1 0 0 1 1 0 1 0 0 1 0 0 1 0 0 0 0 0 0 0 0 0 0 0 1 13
19 -1 2 3 2 1 1 0 0 0 0 1 0 1 0 2 2 3 3 4 5 16 10 11 1 0 0 1 1 0 0 1 0 0 1 0 1 0 0 0 0 0 0 0 0 0 0 0 1 11
17 -1 4 3 2 2 1 0 1 1 1 0 1 1 1 4 5 5 1 3 2 4 10 11 0 1 1 0 0 1 1 0 0 1 0 0 1 0 0 0 0 0 0 1 0 0 0 0 1 11
16 -1 4 4 2 1 0 0 1 0 0 1 1 0 0 5 1 3 1 2 5 1 11 11 0 1 0 1 1 0 1 0 1 0 0 0 0 0 1 0 0 0 0 1 1 0 0 0 0 11
18 -1 4 4 1 4 0 0 1 0 1 1 0 1 1 5 5 5 5 5 5 2 5 6 0 1 1 0 1 0 1 0 0 1 0 0 1 0 0 0 0 0 1 0 0 0 0 0 0 6
16 -1 3 3 3 2 1 1 1 0 0 0 1 1 0 5 3 3 1 3 2 4 9 11 1 0 1 0 1 0 1 0 0 0 1 0 0 1 0 0 0 0 0 0 0 0 0 0 1 10
18 -1 2 1 2 3 0 0 1 0 0 0 1 1 1 4 4 4 1 1 3 10 12 10 1 0 0 1 1 0 1 0 0 0 1 1 0 0 0 0 0 0 0 0 0 0 0 1 1 11
15 -1 4 2 1 3 0 0 1 0 1 1 1 1 1 3 2 2 1 1 5 0 14 14 1 0 0 1 1 0 1 0 0 1 0 0 1 0 0 0 0 1 0 0 1 0 0 0 0 14
19 -1 3 2 1 1 0 0 1 0 0 0 1 0 1 5 3 4 2 2 5 0 11 10 1 0 1 0 0 1 1 0 0 0 1 0 1 0 0 0 0 0 0 0 1 0 0 0 0 10
16 -1 3 3 1 3 0 1 1 0 1 1 1 1 0 4 1 2 1 1 2 4 11 11 1 0 0 1 0 1 1 0 1 0 0 0 0 1 0 0 0 0 0 1 0 0 0 0 1 11
15 -1 4 2 1 4 0 0 0 0 0 1 1 1 0 3 3 3 1 1 3 0 11 9 1 0 1 0 1 0 1 0 0 1 0 1 0 0 0 0 0 0 0 0 0 0 0 1 1 10
17 -1 4 3 2 3 0 0 1 0 1 1 1 1 1 4 4 2 1 1 4 0 11 12 1 0 0 1 0 1 1 0 0 1 0 0 0 1 0 0 0 0 0 0 0 1 0 0 1 12
19 -1 1 1 3 2 2 0 1 0 0 0 1 1 1 5 3 4 1 1 4 2 8 8 1 0 0 1 1 0 0 1 0 0 1 1 0 0 0 0 0 0 0 0 0 0 0 1 1 9
17 -1 4 4 1 3 0 0 1 0 1 1 1 1 0 5 4 4 1 3 4 0 13 12 1 0 0 1 1 0 1 0 0 1 0 1 0 0 0 0 0 0 0 0 1 1 0 0 0 13
16 -1 1 1 1 2 2 0 0 0 0 1 1 0 1 4 4 4 1 3 5 0 10 10 1 0 1 0 1 0 1 0 0 1 0 1 0 0 0 0 0 0 0 1 0 0 0 0 1 10
15 -1 2 2 1 4 0 1 1 0 0 1 1 1 0 5 1 2 1 1 3 4 10 10 1 0 0 1 1 0 1 0 0 1 0 1 0 0 0 0 0 0 0 0 0 0 0 1 1 10
19 -1 1 1 2 2 1 0 1 0 0 1 1 1 1 4 3 3 1 1 3 4 7 8 0 1 0 1 0 1 1 0 0 0 1 1 0 0 0 0 0 0 0 0 0 0 0 0 1 9
17 -1 1 1 1 1 1 0 1 0 0 0 0 1 0 5 4 4 2 2 5 0 6 6 0 1 0 1 0 1 1 0 1 0 0 0 0 0 1 0 0 0 0 0 0 0 0 1 1 7
18 -1 4 2 1 2 0 0 1 0 1 1 1 1 1 5 4 5 1 3 5 4 10 12 1 0 1 0 1 0 1 0 1 0 0 0 0 1 0 0 0 1 0 0 0 0 0 0 1 14
16 -1 3 3 1 2 0 0 0 0 1 1 1 1 1 4 2 3 1 2 3 0 11 12 1 0 1 0 1 0 1 0 0 1 0 0 1 0 0 0 0 0 0 1 0 0 0 0 1 13
16 -1 2 2 3 2 0 0 1 0 0 1 1 1 0 4 4 5 1 1 4 4 9 10 0 1 0 1 0 1 1 0 0 1 0 1 0 0 0 0 0 0 0 0 0 0 0 1 1 11
17 -1 2 1 2 2 0 0 1 0 1 1 1 1 1 4 3 4 2 2 1 10 12 15 1 0 0 1 1 0 1 0 0 1 0 1 0 0 0 0 0 0 0 1 0 0 0 0 1 15
18 -1 1 3 2 2 0 0 1 1 0 1 1 0 0 3 3 4 2 4 3 0 8 10 0 1 1 0 0 1 1 0 0 1 0 1 0 0 0 0 0 0 0 0 0 0 0 0 1 9
